image_width: 960
image_height: 600
camera_name: left_camera_E7589C
camera_matrix:
  rows: 3
  cols: 3
  data: [683.8709403, 0.0, 483.8929486, 0.0, 677.6382122, 305.5211903, 0.0, 0.0, 1.0]
distortion_model: plumb_bob
distortion_coefficients:
  rows: 1
  cols: 5
  data: [-0.09734939171407102, 0.1714556422833976, 0.006729989276561126, -0.0009486201815123536, 0.0]
rectification_matrix:
  rows: 3
  cols: 3
  data: [0.9990268942683935, -0.026229850371532037, 0.0354578549539469, 0.02491093517351746, 0.9989995228731793, 0.03714025589493152, -0.03639656353598384, -0.03622082617289706, 0.9986808008138154]
projection_matrix:
  rows: 3
  cols: 4
  data: [731.0859047, 0.0, 440.9391899, 0.0, 0.0, 731.0859047, 290.5067902, 0.0, 0.0, 0.0, 1.0, 0.0]