image_width: 960
image_height: 600
camera_name: right_camera_E7588B
camera_matrix:
  rows: 3
  cols: 3
  data: [693.8061919, 0.0, 468.2439875, 0.0, 688.266024, 275.6588682, 0.0, 0.0, 1.0]
distortion_model: plumb_bob
distortion_coefficients:
  rows: 1
  cols: 5
  data: [-0.0836914811755102, 0.1722221107564946, -0.008801335820024639, -0.002928027654398849, 0.0]
rectification_matrix:
  rows: 3
  cols: 3
  data: [0.9994614084225626, 0.010626476479527957, 0.031047883528794083, -0.009480036124720266, 0.9992761500891157, -0.03684161747465746, -0.03141690610263087, 0.03652743983233737, 0.998838687752048]
projection_matrix:
  rows: 3
  cols: 4
  data: [731.0859047, 0.0, 440.9391899, 95.66692, 0.0, 731.0859047, 290.5067902, 0.0, 0.0, 0.0, 1.0, 0.0]